Data_value
1116.386
1070.874
1054.408
1010.665
1233.7
1282.436
1290.82
1412.007
1488.055
1497.678
1570.507
1393.749
1517.143
1381.514
1370.985
1073.017
1131.445
1440.101
1489.979
1390.782
1826.73
1710.073
1559.479
1285.083
1061.043
1056.697
1055.321
1080.652
1173.509
1264.436
1289.467
1514.864
1415.217
1472.349
1570.631
1499.848
1439.452
1357.363
1372.156
1155.81
1073.054
1413.45
1493.306
1495.82
1734.816
1677.689
1562.75
1381.602
1025.403
1068.064
1054.066
1088.749
1171.244
1254.863
1332.885
1393.307
1428.323
1486.519
1542.019
1515.38
1428.39
1371.307
1371.945









1189.735
1144.938
1390.589
1310.912
1241.466
1288.648
1772.086
1554.221
1441.386
1364.769
1771.028
1665.84
1554.397
1484.434
1817.118
1582.915
1421.593
1614.752
2089.453
1817.439
1814.973
1791.805
2325.251
2001.763
1266.415
1289.977
1221.28
1266.819
1329.234
1441.078
1550.851
1514.753
1543.84
1518.684
1541.605
1642.043
1661.608
1643.776
1577.653
1573.429
1515.772
1784.203
1809.688
1816.439
1933.437
1975.397
2014.086
2004.827
1283.565
1264.875
1243.591
1257.28
1335.406
1447.856
1524.795
1539.019
1527.558
1524.035
1555.397
1627.22
1665.6
1634.885
1588.42
1565.137
1610.063
1712
1791.395
1844.388
1914.563
1983.947
2003.644
2013.629
2306.12
2215.81
2445
2321.58
2475.22
2571.09
3062.91
2966.24
2929.48
2862.45
3341.53
3059.59
3071.57
2865.95
3188.1
2655.93
2553.038
3054.853
3579.432
3208.221
3641.703
3501.878
3884.73
3286.846
2332.118
2349.299
2278.653
2336.177
2502.529
2718.149
2855.481
2996.997
2955.309
3017.105
3120.965
3099.653
3091.924
3014.667
2981.032
2698.286
2564.325
3207.977
3350.924
3267.278
3649.363
3673.725
3639.317
3354.105
2312.109
2337.043
2295.933
2339.13
2507.521
2702.794
2875.028
2961.677
2980.602
3024.942
3098.497
3115.944
3077.513
3018.888
2990.736









1119.02
1101.412
1139.459
1040.5
1150.976
1084.658
1352.84
1224.534
1105.167
1372.723
1230.969
1115.478
1210.962
1234.819
1276.337
1080.713
847.349
925.547
1085.539
1063.775
1077.447
1151.861
1202.16
1244.801
1119.02
1101.412
1139.459
1040.5
1150.976
1084.658
1352.84
1224.534
1105.167
1372.723
1230.969
1115.478
1210.962
1234.819
1276.337
1080.713
847.349
925.547
1085.539
1063.775
1077.447
1151.861
1202.16
1244.801
1116.391
1117.962
1099.874
1094.298
1085.074
1175.875
1264.399
1252.521
1205.542
1256.702
1220.469
1155.772
1183.655
1260.084
1242.986
1069.707
889.868
928.028
1050.24
1077.865
1085.536
1144.422
1201.359
1246.207
1119.02
1101.412
1139.459
1040.5
1150.976
1084.658
1352.84
1224.534
1105.167
1372.723
1230.969
1115.478
1210.962
1234.819
1276.337
1080.713
847.349
925.547
1085.539
1063.775
1077.447
1151.861
1202.16
1244.801
1119.02
1101.412
1139.459
1040.5
1150.976
1084.658
1352.84
1224.534
1105.167
1372.723
1230.969
1115.478
1210.962
1234.819
1276.337
1080.713
847.349
925.547
1085.539
1063.775
1077.447
1151.861
1202.16
1244.801
1116.391
1117.962
1099.874
1094.298
1085.074
1175.875
1264.399
1252.521
1205.542
1256.702
1220.469
1155.772
1183.655
1260.084
1242.986
1069.707
889.868
928.028
1050.24
1077.865
1085.536
1144.422
1201.359
1246.207
10624.465
9110.709
12084.429
11804.216
12150.005
10399.584
13705.071
12745.412
12574.246
10633.605
13806.468
13704.407
13035.873
11170.665
15202.125
14554.796
13611.426
11354.265
14450.272
14066.305
14238.983
12297.488
16382.914
15717.522
10645.387
10746.893
10993.135
11226.307
12123.606
12262.079
12472.27
12153.665
12505.215
12559.543
12555.558
13086.18
12938.228
13213.325
13833.658
13880.653
13509.819
13442.576
13151.955
13396.129
14147.555
14560.31
14911.183
14961.216
10658.465
10756.095
10931.824
11380.514
11958.14
12367.157
12340.141
12312.731
12416.641
12533.549
12688.174
12916.212
13024.83
13275.059
13754.792
13839.1
13601.484
13348.212
13209.647
13456.22
14065.118
14598.18
14847.186
15016.44
586.399
577.941
571.523
572.279
553.194
541.03
592.754
530.018
556.048
541.341
565.895
527.25
549.739
524.132
516.651
444.847
348.318
503.119
475.924
468.887
490.221
451.072
529.063
512.511
586.399
577.941
571.523
572.279
553.194
541.03
592.754
530.018
556.048
541.341
565.895
527.25
549.739
524.132
516.651
444.847
348.318
503.119
475.924
468.887
490.221
451.072
529.063
512.511
593.631
575.831
573.883
568.33
551.735
555.272
558.952
551.412
541.424
554.739
549.243
544.4
536.856
534.857
499.495
468.189
455.869
466.239
467.619
477.568
478.021
493.69
512.178
523.021
2247.71
2216.005
2201.123
2063.277
2242.174
2279.911
2361.189
2229.447
2412.505
2449.281
2429.15
2175.696
2428.645
2409.721
2345.636
2247.182
1963.658
2421.896
2480.628
2324.697
2672.617
2537.622
2818.49
2668.067
2211.937
2169.38
2155.37
2195.651
2199.849
2232.112
2318.746
2374.282
2357.852
2398.702
2392.573
2317.213
2366.444
2361.489
2313.835
2395.838
1907.695
2375.304
2450.415
2478.61
2591.663
2490.995
2785.723
2844.85
2195.004
2176.137
2163.896
2184.305
2202.627
2240.319
2315.471
2361.791
2374.998
2392.669
2376.754
2344.66
2352.227
2350.837
2344.336









378.816
382.97
439.04
339.726
363.012
379.748
403.359
345.957
370.112
385.258
407.693
345.4
364.445
386.209
409.094
327.183
257.649
353.746
384.357
315.953
355.379
338.601
387.874
319.015
389.985
380.207
399.983
369.191
372.807
375.455
367.922
377.802
379.532
379.389
372.337
378.905
372.421
380.305
373.544
359.756
262.827
348.649
350.507
348.15
361.723
334.565
352.991
352.083
387.11
383.886
378.547
374.558
372.295
371.551
373.226
375.978
378.154
378.321
375.976
375.46
377.036
376.296
371.614









3734.807
3957.477
4576.421
4505.752
4184.357
4205.956
5226.248
4827.727
4697.729
5088.738
5583.698
4657.027
4601.594
4587.091
5252.434
4501.587
3275.733
3978.747
4563.174
4245.935
4368.417
4246.492
5577.05
5552.399
3894.936
4086.339
4157.299
4623.028
4384.168
4344.008
4740.42
4944.34
4922.534
5272.908
5064.675
4760.407
4810.526
4762.717
4776.779
4599.188
3404.601
4143.835
4160.476
4337.057
4518.929
4427.684
5103.515
5663.562
3891.54
4039.074
4240.807
4409.229
4397.983
4416.425
4696.67
4897.998
5034.781
5170.599
5065.567
4826.692
4765.581
4793.066
4749.515









896.253
916.132
926.353
834.766
880.209
933.792
953.3
818.395
895.345
956.138
923.495
874.952
944.955
955.735
944.601
860.444
723.382
1033.746
1024.605
961.839
1066.475
902.091
1175.036
1082.725
901.974
890.615
889.936
894.925
882.845
904.854
917.729
880.011
895.794
925.333
890.711
941.393
944.063
923.953
914.47
923.091
722.019
1000.997
992.893
1030.097
1063.213
875.241
1139.346
1157.24
886.471
896.628
891.237
889.499
889.775
904.725
907.041
890.573
897.204
914.21
922.09
935.324
942.069
925.857
915.588









2432.778
2498.432
2499.28
2362.348
2677.296
2745.004
2640.204
2520.431
2831.651
2928.06
2860.894
2642.363
2871.895
3041.137
2916.519
2599.168
2260.46
3070.947
2999.024
2754.132
3230.641
2879.037
3714.878
3382.201
2393.131
2403.332
2465.841
2543.428
2634.028
2633.286
2602.073
2724.825
2788.324
2799.44
2815.631
2866.775
2833.443
2900.215
2861.42
2830.308
2235.691
2922.169
2932.982
3009.112
3199.99
2736.558
3624.593
3703.736
2387.061
2410.806
2463.259
2550.939
2618.804
2636.581
2654.829
2721.032
2781.517
2801.465
2826.594
2844.453
2862.098
2876.798
2865.354









2816.89
2921.187
2860.234
2585.31
2946.76
3150.819
3004.505
2827.124
3236.153
3337.87
3294.508
2939.344
3121.496
3426.489
3480.549
3038.73
2781.015
3319.364
3484.699
3355.684
3585.208
3461.281
3952.251
3440.497
2794.832
2780.453
2785.09
2825.208
2928.593
2997.349
2923.234
3084.105
3226.842
3175.809
3197.784
3202.468
3122.072
3263.086
3369.828
3303.531
2793.078
3162.193
3364.374
3646.319
3608.796
3297.649
3812.638
3734.653
2793.586
2782.052
2784.259
2834.436
2925.188
2978.312
3001.29
3095.071
3190.193
3202.028
3196.131
3174.986
3163.35
3254.501
3339.356









475.38
510.192
553.505
463.208
456.87
480.246
527.893
465.71
487.025
493.295
573.572
489.24
506.529
574.399
599.842
507.358
422.222
656.503
632.455
567.372
627.305
586.311
708.207
649.739
494.134
502.985
506.695
497.713
475.271
472.473
483.251
501.322
506.52
483.771
526.878
526.991
525.041
562.731
553.4
546
436.54
641.96
586.376
610.12
646.439
573.129
658.868
698.089
488.173
505.045
506.197
495.226
478.147
472.488
484.27
499.376
504.816
510.633
521.99
526.266
535.116
552.112
554.315









24193.497
23091.046
26711.908
25530.882
26453.877
25116.09
29414.524
27310.22
28060.813
26813.586
30445.376
28355.678
28425.172
27075.579
31667.45
29081.295
25643.863
26692.333
30495.139
29060.804
30635.246
27699.995
35245.763
33324.677
24321.99
24561.185
24930.893
25742.63
26524.97
26742.007
27433.106
27576.953
28076.121
28579.281
28439.78
28602.268
28375.638
28905.683
29635.967
29334.41
25490.864
28527.13
28653.4
29285.355
30326.733
29652.118
33188.299
33582.84
24294.439
24539.475
24988.382
25747.365
26409.303
26893.315
27291.842
27669.023
28097.805
28462.437
28559.888
28467.391
28500.627
28955.293
29467.78









4293.55
4501.018
4006.961
3959.543
4455.531
5288.065
4495.831
4601.996
4587.347
5165.815
5644.675
4952.943
5296.602
5564.597
4967.912
4626.406
4867.933
5800.676
5089.45
5312.476
6987.304
6403.283
4942.861
5249.357
4293.55
4501.018
4006.961
3959.543
4455.531
5288.065
4495.831
4601.996
4587.347
5165.815
5644.675
4952.943
5296.602
5564.597
4967.912
4626.406
4867.933
5800.676
5089.45
5312.476
6987.304
6403.283
4942.861
5249.357
4433.347
4330.352
4084.161
3981.837
4584.354
4958.785
4755.936
4474.737
4727.438
5046.37
5123.641
5049.283
5309.76
5424.435
5026.066
4642.536
5047.341
5439.901
5256.701
5559.168
6491.867
6246.931
5372.224
4925.01
4293.55
4501.018
4006.961
3959.543
4455.531
5288.065
4495.831
4601.996
4587.347
5165.815
5644.675
4952.943
5296.602
5564.597
4967.912
4626.406
4867.933
5800.676
5089.45
5312.476
6987.304
6403.283
4942.861
5249.357
4293.55
4501.018
4006.961
3959.543
4455.531
5288.065
4495.831
4601.996
4587.347
5165.815
5644.675
4952.943
5296.602
5564.597
4967.912
4626.406
4867.933
5800.676
5089.45
5312.476
6987.304
6403.283
4942.861
5249.357
4433.347
4330.352
4084.161
3981.837
4584.354
4958.785
4755.936
4474.737
4727.438
5046.37
5123.641
5049.283
5309.76
5424.435
5026.066
4642.536
5047.341
5439.901
5256.701
5559.168
6491.867
6246.931
5372.224
4925.01
13386.067
13419.541
14477.984
13367.602
15121.242
14890.877
15832.221
14111.011
16480.01
16459.025
16806.615
15357.359
17623.099
17769.074
18744.633
16892.923
13626.094
19341.282
19641.46
18423.251
21039.319
18768.192
22266.292
20866.533
12924.983
13274.29
13973.559
14551.619
14623.205
14730.053
15286.128
15330.007
15963.349
16265.236
16250.561
16657.771
17072.404
17560.572
18142.026
18312.05
13192.335
19109.471
19042.049
19950.12
20363.561
18532.888
21625.28
22565.987
12851.347
13340.715
13967.251
14483.553
14632.587
14831.043
15134.643
15478.518
15894.636
16212.108
16335.215
16622.484
17075.808
17599.082
18050.57









13386.067
13419.541
14477.984
13367.602
15121.242
14890.877
15832.221
14111.011
16480.01
16459.025
16806.615
15357.359
17623.099
17769.074
18744.633
16892.923
13626.094
19341.282
19641.46
18423.251
21039.319
18768.192
22266.292
20866.533
12924.983
13274.29
13973.559
14551.619
14623.205
14730.053
15286.128
15330.007
15963.349
16265.236
16250.561
16657.771
17072.404
17560.572
18142.026
18312.05
13192.335
19109.471
19042.049
19950.12
20363.561
18532.888
21625.28
22565.987
12851.347
13340.715
13967.251
14483.553
14632.587
14831.043
15134.643
15478.518
15894.636
16212.108
16335.215
16622.484
17075.808
17599.082
18050.57









23406.009
23994.212
25705.259
23310.026
24840.66
25475.251
27896.872
24728.334
26645.783
27695.288
29271.97
26038.196
27624.213
28200.644
29838.982
26520.993
24951.225
29794.725
30657.717
28146.432
30996.44
32032.226
35975.655
32754.199
23651.329
23846.118
24203.428
24778.073
25083.427
25266.639
26290.736
26333.475
26869.257
27450.482
27597.723
27774.855
27802.697
27954.611
28154.732
28298.663
25077.846
29557.568
28933.994
30033.781
31126.413
31792.737
33973.612
34930.744
23619.733
23855.793
24243.184
24725.526
25072.258
25418.176
25884.578
26369.816
26896.288
27381.219
27644.94
27741.626
27828.339
27956.706
28100.419









23406.009
23994.212
25705.259
23310.026
24840.66
25475.251
27896.872
24728.334
26645.783
27695.288
29271.97
26038.196
27624.213
28200.644
29838.982
26520.993
24951.225
29794.725
30657.717
28146.432
30996.44
32032.226
35975.655
32754.199
23651.329
23846.118
24203.428
24778.073
25083.427
25266.639
26290.736
26333.475
26869.257
27450.482
27597.723
27774.855
27802.697
27954.611
28154.732
28298.663
25077.846
29557.568
28933.994
30033.781
31126.413
31792.737
33973.612
34930.744
23619.733
23855.793
24243.184
24725.526
25072.258
25418.176
25884.578
26369.816
26896.288
27381.219
27644.94
27741.626
27828.339
27956.706
28100.419














18374.424
21112.477
18994.22
19160.244
19156.117
21992.054
19685.968
19810.531
19877.469
22705.92
20640.323
17775.1
21852.753
24227.653
22139.988
23093.672
21518.421
26928.565
24397.046





19090.776
19370.982
19465.925
19712.77
19908.754
20175.146
20172.883
20384.138
20657.195
20833.85
21142.697
18297.575
22698.181
22242.723
22667.577
23778.957
22341.636
24739.009
24962.757





19146.193
19317.258
19505.57
19688.977
19942.555
20114.845
20219.427
20384.614
20628.794
20856.414














3570.189
4062.285
4131.369
3755.582
3658.582
4320.651
4288.873
3887.467
3898.683
4492.364
4153.621
2276.721
3699.215
4276.991
4180.847
4388.338
3588.917
4072.961
4037.249





3812.536
3856.48
3915.129
3912.674
3937.747
4083.501
4101.018
3992.167
4226.208
4245.677
4012.482
2289.69
4047.97
4059.27
4058.762
4342.28
3952.823
3888.213
3921.49





3821.394
3862.138
3903.055
3912.342
3962.864
4065.087
4066.699
4067.556
4176.955
4238.236














21944.613
25174.762
23125.589
22915.826
22814.699
26312.705
23974.841
23697.998
23776.153
27198.284
24793.944
20051.821
25551.967
28504.644
26320.835
27482.01
25107.338
31001.526
28434.296
21260.256
21643.163
22043.287
22497.352
22783.684
23041.162
23337.864
23391.995
23597.499
23858.094
24281.472
24395.971
24344.225
24787.115
25110.996
24926.306
20574.422
26510.212
26318.942
26931.705
28096.638
26177.4
28815.579
28948.337
21231.681
21647.473
22057.355
22461.534
22783.977
23068.078
23288.247
23427.991
23587.093
23882.349
24198.529
24351.675
24468.057
24791.141
24929.627









7024.368
7233.169
7717.537
7597.414
7365.659
7386.538
8080.842
8009.297
7680.003
7871.432
8432.733
8288.146
8208.005
8135.532
8710.524
7937.651
5548.719
6502.729
7107.32
6958.335
7677.735
7622.309
8579.076
8417.535
7196.381
7424.599
7424.633
7518.665
7565.4
7564.211
7753.897
7956.754
7889.323
8054.661
8061.113
8277.187
8423.318
8321.641
8294.958
7972.046
5685.96
6648.958
6746.329
7022.365
7860.403
7786.37
8128.545
8522.861
7235.287
7372.231
7458.665
7508.336
7547.82
7594.793
7761.662
7899.003
7955.019
7998.845
8108.699
8269.72
8386.556
8372.6
8235.43









7024.368
7233.169
7717.537
7597.414
7365.659
7386.538
8080.842
8009.297
7680.003
7871.432
8432.733
8288.146
8208.005
8135.532
8710.524
7937.651
5548.719
6502.729
7107.32
6958.335
7677.735
7622.309
8579.076
8417.535
7196.381
7424.599
7424.633
7518.665
7565.4
7564.211
7753.897
7956.754
7889.323
8054.661
8061.113
8277.187
8423.318
8321.641
8294.958
7972.046
5685.96
6648.958
6746.329
7022.365
7860.403
7786.37
8128.545
8522.861
7235.287
7372.231
7458.665
7508.336
7547.82
7594.793
7761.662
7899.003
7955.019
7998.845
8108.699
8269.72
8386.556
8372.6
8235.43









3497.474
3686.892
3726.496
3646.739
3605.416
3742.768
3687.847
3637.454
3706.952
3741.137
3752.926
3670.674
3830.499
3728.969
4045.656
3724.404
3515.44
3713.045
4000.303
3794.209
4041.381
3953.567
4549.585
3972.409
3497.474
3686.892
3726.496
3646.739
3605.416
3742.768
3687.847
3637.454
3706.952
3741.137
3752.926
3670.674
3830.499
3728.969
4045.656
3724.404
3515.44
3713.045
4000.303
3794.209
4041.381
3953.567
4549.585
3972.409
3542.287
3644.676
3686.664
3672.38
3663.181
3677.529
3684.742
3680.042
3698.186
3722.21
3735.352
3725.179
3773.301
3836.851
3878.465









3497.474
3686.892
3726.496
3646.739
3605.416
3742.768
3687.847
3637.454
3706.952
3741.137
3752.926
3670.674
3830.499
3728.969
4045.656
3724.404
3515.44
3713.045
4000.303
3794.209
4041.381
3953.567
4549.585
3972.409
3497.474
3686.892
3726.496
3646.739
3605.416
3742.768
3687.847
3637.454
3706.952
3741.137
3752.926
3670.674
3830.499
3728.969
4045.656
3724.404
3515.44
3713.045
4000.303
3794.209
4041.381
3953.567
4549.585
3972.409
3542.287
3644.676
3686.664
3672.38
3663.181
3677.529
3684.742
3680.042
3698.186
3722.21
3735.352
3725.179
3773.301
3836.851
3878.465









6792.689
6352.806
7496.077
6480.287
7125.573
6531.226
8050.852
7031.13
8043.255
7672.916
8219.079
7411.122
7680.969
7895.094
8476.769
7785.523
6844.56
7716.117
8908.61
8420.492
9153.746
8960.461
9267.458
8502.928
6741.245
6602.107
6896.636
6871.292
7062.232
6787.458
7430.951
7438.654
7962.614
7967.738
7615.387
7829.956
7583.718
8191.532
7890.943
8219.442
6732.816
7994.84
8340.852
8878.843
8979.909
9251.535
8741.57
8938.505
6849.275
6680.27
6799.714
6888.843
6942.297
7024.892
7255.13
7594.839
7835.424
7877.662
7776.969
7712.572
7794.565
7933.346
8078.426









6792.689
6352.806
7496.077
6480.287
7125.573
6531.226
8050.852
7031.13
8043.255
7672.916
8219.079
7411.122
7680.969
7895.094
8476.769
7785.523
6844.56
7716.117
8908.61
8420.492
9153.746
8960.461
9267.458
8502.928
6741.245
6602.107
6896.636
6871.292
7062.232
6787.458
7430.951
7438.654
7962.614
7967.738
7615.387
7829.956
7583.718
8191.532
7890.943
8219.442
6732.816
7994.84
8340.852
8878.843
8979.909
9251.535
8741.57
8938.505
6849.275
6680.27
6799.714
6888.843
6942.297
7024.892
7255.13
7594.839
7835.424
7877.662
7776.969
7712.572
7794.565
7933.346
8078.426









8922.96
8981.226
8898.923
8367.531
9449.473
9623.008
9706.324
9008.065
10314.332
10362.386
10517.105
9748.995
10992.6
11438.635
11186.733
10368.379
10325.661
11440.003
11390.721
10721.159
12513.83
12608.398
13315.658
12293.416
8651.242
8732.72
8723.23
9074.443
9181.244
9352.738
9533.845
9743.013
10025.731
10067.13
10352.474
10527.999
10675.755
11121.696
11019.649
11187.051
10027.249
11128.484
11217.33
11565.819
12153.851
12268.378
13109.438
13260.228
8676.629
8681.831
8800.826
9007.315
9207.985
9347.339
9531.859
9769.473
9966.98
10128.737
10320.474
10513.614
10747.725
10972.694
11098.021









4110.343
3983.202
3819.844
3712.874
4326.216
4161.829
4204.047
4122.543
4957
4548.408
4444.511
4284.569
4741.07
4701.596
4640.222
4098.939
3359.765
3598.883
3477.116
3243.002
4450.635
4115.4
3832.398
3540.444
3858.226
3967.724
3853.236
3948.272
4069.219
4143.298
4233.453
4386.031
4670.695
4524.83
4468.353
4561.936
4472.567
4674.854
4659.741
4367.319
3170.341
3580.758
3486.281
3456.884
4201.531
4098.388
3835.245
3775.11
3905.399
3907.382
3898.549
3940.134
4059.253
4144.517
4238.019
4407.346
4543.378
4533.44
4502.43
4507.066
4553.235
4646.306
4642.188









13047.16
12972.527
12725.845
12091.179
13788.058
13772.667
13909.267
13128.303
15268.804
14908.758
14959.931
14039.008
15738.897
16148.297
15832.453
14473.174
13685.426
15038.886
14867.837
13964.161
16964.465
16723.798
17148.057
15833.86
12514.529
12673.905
12585.519
13040.654
13255.525
13459.353
13771.468
14168.604
14708.444
14543.329
14809.519
15159.646
15150.552
15741.238
15648.111
15646.547
13187.624
14661.751
14673.156
15127.273
16356.247
16297.625
16904.996
17168.784
12578.726
12576.474
12701.171
12966.272
13263.594
13469.823
13767.648
14226.583
14546.587
14643.77
14818.676
15056.69
15315.218
15590.055
15707.124









608.795
615.288
712.469
682.043
588.859
664.329
710.807
746.61
643.4
734.115
735.413
770.617
651.267
803.775
860.289
889.277
589.656
733.89
779.956
917.319
708.535
771.078
828.369
881.655
709.908
613.839
677.583
630.345
679.118
663.333
677.174
693.178
735.382
734.491
702.889
714.307
742.853
804.153
826.747
818.854
674.381
734.672
752.453
838.577
813.234
773.335
800.087
802.563
697.844
672.513
653.208
654.657
660.412
672.265
673.393
700.031
729.385
729.986
710.204
711.258
749.247
798.302
827.047









608.795
615.288
712.469
682.043
588.859
664.329
710.807
746.61
643.4
734.115
735.413
770.617
651.267
803.775
860.289
889.277
589.656
733.89
779.956
917.319
708.535
771.078
828.369
881.655
709.908
613.839
677.583
630.345
679.118
663.333
677.174
693.178
735.382
734.491
702.889
714.307
742.853
804.153
826.747
818.854
674.381
734.672
752.453
838.577
813.234
773.335
800.087
802.563
697.844
672.513
653.208
654.657
660.412
672.265
673.393
700.031
729.385
729.986
710.204
711.258
749.247
798.302
827.047









3214.579
3268.826
3286.048
3201.629
3284.048
3377.596
3423.368
3371.821
3510.303
3730.534
3756.251
3650.845
3822.281
4088.925
4154.182
3982.186
3938.737
4773.693
4562.15
4376.313
4597.635
4717.815
5060.725
4718.493
3246.23
3216.606
3229.174
3283.583
3316.534
3314.716
3366.094
3466.03
3551.789
3645.72
3687.099
3769.004
3876.329
3981.551
4065.414
4129.038
4001.895
4636.97
4453.91
4550.97
4675.657
4578.191
4933.85
4912.909
3238.421
3224.157
3233.796
3279.913
3309.097
3321.515
3370.36
3459.783
3557.889
3634.427
3695.042
3769.916
3875.722
3980.055
4060.842









3214.579
3268.826
3286.048
3201.629
3284.048
3377.596
3423.368
3371.821
3510.303
3730.534
3756.251
3650.845
3822.281
4088.925
4154.182
3982.186
3938.737
4773.693
4562.15
4376.313
4597.635
4717.815
5060.725
4718.493
3246.23
3216.606
3229.174
3283.583
3316.534
3314.716
3366.094
3466.03
3551.789
3645.72
3687.099
3769.004
3876.329
3981.551
4065.414
4129.038
4001.895
4636.97
4453.91
4550.97
4675.657
4578.191
4933.85
4912.909
3238.421
3224.157
3233.796
3279.913
3309.097
3321.515
3370.36
3459.783
3557.889
3634.427
3695.042
3769.916
3875.722
3980.055
4060.842









1059.336
1168.528
1256.082
1222.957
1123.981
1188.992
1240.668
1263.25
1166.067
1321.908
1287.296
1328.926
1217.807
1391.141
1398.045
1364.155
791.117
1225.711
1251.611
1325.745
1393.421
1317.491
1085.31
1196.521
1141.027
1160.322
1219.257
1182.007
1209.748
1182.641
1204.41
1219.601
1254.231
1317.092
1249.492
1281.653
1310.361
1386.207
1357.341
1315.644
851.34
1219.482
1217.475
1277.844
1500.203
1308.27
1058.09
1152.031
1144.448
1171.554
1197.45
1202.641
1193.333
1194.329
1198.428
1223.903
1254.382
1265.398
1261.828
1273.396
1325.226
1368.311
1364.01









2024.111
2130.915
2212.397
2106.601
2214.264
2272.563
2304.067
2159.722
2395.334
2434.241
2441.75
2366.432
2520.395
2562.344
2553.098
2364.816
1934.127
2505.344
2674.758
2519.283
2801.277
2514.549
2822.473
2695.485
2024.111
2130.915
2212.397
2106.601
2214.264
2272.563
2304.067
2159.722
2395.334
2434.241
2441.75
2366.432
2520.395
2562.344
2553.098
2364.816
1934.127
2505.344
2674.758
2519.283
2801.277
2514.549
2822.473
2695.485
2022.841
2111.221
2162.339
2173.719
2213.031
2244.639
2256.458
2274.301
2343.835
2407.496
2428.799
2436.602
2507.592
2539.727
2453.686
2324.256
2329.492
2444.785
2593.463
2644.442
2661.784
2693.345
2714.172
2769.488
3079.593
3292.213
3456.216
3317.373
3327.254
3453.172
3537.993
3409.471
3550.493
3750.16
3719.97
3688.599
3747.633
3964.319
3963.263
3737.409
2725.244
3731.055
3926.369
3845.028
4194.699
3832.04
3907.783
3892.006
3083.448
3299.443
3468.479
3329.558
3338.245
3461.555
3544.736
3422.973
3561.401
3756.149
3729.045
3695.357
3738.202
3953.484
3951.142
3728.971
2725.244
3731.055
3926.369
3845.028
4194.699
3832.04
3907.783
3892.006
3109.491
3300.73
3415.864
3365.431
3347.186
3462.294
3498.481
3472.096
3566.857
3719.918
3738.749
3694.418
3773.885
3946.748
3867.008
3483.486
3288.13
3557.538
3821.823
3994.325
4026.253
3955.445
3871.528
3908.806
726.611
679.087
711.031
703.814
816.845
828.607
829.187
954.802
1058.967
1087.09
1118.309
1007.684
1139.96
1076.938
1036.821
821.351
872.442
1113.127
1126.702
1038.363
1333.336
1341.71
1238.377
1010.208
763.095
760.118
874.383
845.049
823.961
904.947
1131.075
986.879
986.024
980.53
1099.343
1063.559
1036.563
1023.559
1180.536
987.553
906.278
1106.622
1315.407
1224.482
1279.985
1255.243
1451.346
1352.903
1489.706
1439.205
1585.414
1548.863
1640.806
1733.554
1960.262
1941.681
2044.991
2067.62
2217.652
2071.243
2176.523
2100.497
2217.357
1808.904
1778.72
2219.749
2442.109
2262.845
2613.321
2596.954
2689.723
2363.111
630.108
652.731
657.66
627.075
688.486
701.891
711.771
727.368
660.285
759.113
735.914
634.877
722.601
673.464
710.992
621.335
577.13
528.234
593.05
571.944
614.578
583.595
758.677
701.824
630.108
652.731
657.66
627.075
688.486
701.891
711.771
727.368
660.285
759.113
735.914
634.877
722.601
673.464
710.992
621.335
577.13
528.234
593.05
571.944
614.578
583.595
758.677
701.824
8583.387
6762.819
9745.161
9639.343
9644.515
8178.247
10654.044
10387.143
10598.968
8527.784
11181.95
11094.75
10719.262
8953.428
12481.606
11323.975
10678.221
9124.548
11748.075
11723.585
11804.28
9987.038
13526.428
12670.56
381.108
365.938
336.06
379.005
363.829
362.323
372.797
377.845
396.162
388.968
368.726
380.822
341.389
362.39
346.191
308.116
222.776
330.791
315.824
317.27
316.151
340.224
358.338
349.506
1749.535
1726.374
1611.543
1584.134
1713.337
1775.458
1705.49
1677.047
1855.671
1807.769
1810.018
1728.61
1896.154
1872.256
1790.392
1679.871
1439.805
1810.385
1836.026
1729.517
1968.484
1963.882
2041.197
1963.527
254.092
246.931
258.927
218.668
225.92
235.919
244.598
239.293
237.354
243.025
260.767
239.873
223.451
231.062
227.556
204.501
166.241
196.593
224.441
201.303
219.538
218.449
221.861
205.655
2792.002
2949.43
3330.022
3288.163
2997.221
3301.549
3812.037
3545.566
3714.747
3996.547
3868.715
3728.996
3438.477
3529.338
4018.56
3485.124
2437.33
2904.994
3335.108
3141.74
3250.469
3591.166
4148.666
4316.26
597.712
615.247
620.816
557.75
603.397
625.553
637.522
537.556
622.274
677.11
609.255
606.303
648.694
654.481
658.609
600.789
501.389
694.439
666.578
641.188
707.606
661.238
796.159
731.843
1702.128
1784.602
1766.335
1768.032
1936.265
2038.021
1987.54
1816.268
2080.705
2145.688
2085.692
1958.298
2048.732
2216.678
2150.435
1897.007
1647.704
2117.053
2120.102
2044.379
2412.654
2306.766
2881.908
2690.279
1787.061
1839.21
1849.275
1677.352
1948.902
1913.476
1852.28
1921.177
2091.218
2092.797
2062.36
1912.82
1999.069
2323.305
2210.718
1877.293
1673.858
2064.17
1972.962
1964.984
2221.949
2255.924
2459.626
2285.257
321.875
330.216
345.896
314.921
310.766
316.348
342.618
295.911
307.811
325.249
370.314
309.984
313.949
374.852
366.746
335.003
291.409
411.148
399.877
357.997
377.323
430.886
437.344
425.89
18168.9
16620.767
19864.035
19427.368
19744.152
18746.894
21608.926
20797.806
21904.91
20204.937
22617.797
21960.456
21629.177
20517.79
24250.813
21711.679
19058.732
19654.121
22618.991
22121.964
23278.452
21755.573
26871.527
25638.777
2676.479
2750.757
2506.292
2466.965
2838.707
3408.155
2966.56
3034.722
2907.52
3230.69
3732.455
3253.93
3478.543
3560.262
3272.934
3041.688
3342.246
3816.92
3401.558
3563.873
4788.018
4310.498
3277.656
3364.7
2676.479
2750.757
2506.292
2466.965
2838.707
3408.155
2966.56
3034.722
2907.52
3230.69
3732.455
3253.93
3478.543
3560.262
3272.934
3041.688
3342.246
3816.92
3401.558
3563.873
4788.018
4310.498
3277.656
3364.7
9403.937
9709.858
9863.187
9537.984
10737.198
10720.522
11186.48
9979.557
11672.458
11767.941
11985.982
11111.972
12246.463
12705.294
12922.987
11900.877
9821.176
13369.651
13678.773
13018.089
14623.585
13550.81
15820.685
15303.232
9403.937
9709.858
9863.187
9537.984
10737.198
10720.522
11186.48
9979.557
11672.458
11767.941
11985.982
11111.972
12246.463
12705.294
12922.987
11900.877
9821.176
13369.651
13678.773
13018.089
14623.585
13550.81
15820.685
15303.232
19440.994
20095.844
21698.616
19618.605
20722.406
21584.24
23827.694
21159.823
22319.235
23442.998
25174.883
22190.224
22901.372
24002.3
25424.584
22173.957
20302.188
24335.52
25350.286
23809.401
25409.23
27534.099
30217.156
27638.257
19440.994
20095.844
21698.616
19618.605
20722.406
21584.24
23827.694
21159.823
22319.235
23442.998
25174.883
22190.224
22901.372
24002.3
25424.584
22173.957
20302.188
24335.52
25350.286
23809.401
25409.23
27534.099
30217.156
27638.257
15519.691
17618.17
15950.345
16094.094
16219.542
18043.145
16308.572
16507.237
16709.23
18657.007
16997.676
14402.747
17751.9
19618.947
18187.477
18945.905
18434.549
21926.652
20369.903
2288.75
2433.972
2390.095
2393.856
2333.112
2595.18
2486.149
2459.955
2496.385
2761.699
2505.243
1607.309
2286.653
2586.809
2446.739
2639.743
2266.58
2500.112
2447.059
17808.441
20052.142
18340.44
18487.95
18552.654
20638.325
18794.721
18967.192
19205.615
21418.706
19502.919
16010.056
20038.554
22205.756
20634.216
21585.648
20701.129
24426.764
22816.962
4033.792
4315.543
4340.522
3987.931
4171.03
4235.915
4882.255
4272.766
4574.029
5117.154
4919.854
4598.353
4886.277
4727.79
5289.61
4635.949
3610.071
4032.052
4294.29
4155.955
4578.692
4546.576
5376.815
4848.219
4033.792
4315.543
4340.522
3987.931
4171.03
4235.915
4882.255
4272.766
4574.029
5117.154
4919.854
4598.353
4886.277
4727.79
5289.61
4635.949
3610.071
4032.052
4294.29
4155.955
4578.692
4546.576
5376.815
4848.219
1970.738
2206.073
2125.183
2005.618
2130.263
2249.979
2102.66
2006.725
2035.142
2129.167
2232.89
2129.856
2300.842
2321.751
2423.456
2125.17
1851.64
2180.023
2362.876
2202.698
2290.544
2417.397
2731.315
2414.98
1970.738
2206.073
2125.183
2005.618
2130.263
2249.979
2102.66
2006.725
2035.142
2129.167
2232.89
2129.856
2300.842
2321.751
2423.456
2125.17
1851.64
2180.023
2362.876
2202.698
2290.544
2417.397
2731.315
2414.98
3666.144
3753.868
3883.048
3609.321
3755.61
3853.619
4244.373
3919.556
4239.028
4336.773
4788.088
4337.574
4499.564
4624.867
5075.438
4279.018
3501.964
4316.113
4880.191
4666.301
5017.399
4937.825
5523.098
4982.635
3666.144
3753.868
3883.048
3609.321
3755.61
3853.619
4244.373
3919.556
4239.028
4336.773
4788.088
4337.574
4499.564
4624.867
5075.438
4279.018
3501.964
4316.113
4880.191
4666.301
5017.399
4937.825
5523.098
4982.635
4021.339
3942.364
4048.225
3863.504
4297.593
4290.188
4479.352
4157.549
4740.408
4740.973
5049.7
4634.699
5191.417
5138.297
5338.202
4736.102
4372.731
5085.325
5273.212
4852.331
5827.492
5631.932
6088.644
5546.301
2052.551
2021.719
1981.094
1840.911
2244.945
2205.213
2280.958
2171.203
2677.136
2302.323
2400.784
2210.944
2388.433
2397.567
2445.759
2164.4
2122.386
2100.735
1994.778
1822.044
2576.261
2451.26
2244.425
1921.087
6073.89
5964.083
6029.319
5704.415
6542.538
6495.401
6760.31
6328.752
7417.544
7043.296
7450.484
6845.643
7579.85
7535.864
7783.961
6900.502
6495.117
7186.059
7267.99
6674.375
8403.753
8083.192
8333.069
7467.388
263.075
257.967
269.813
252.415
273.018
281.884
275.156
257.718
273.013
292.676
284.101
262.626
279.077
325.261
322.311
293.901
231.894
287.145
309.002
276.116
285.814
274.296
288.306
276.222
263.075
257.967
269.813
252.415
273.018
281.884
275.156
257.718
273.013
292.676
284.101
262.626
279.077
325.261
322.311
293.901
231.894
287.145
309.002
276.116
285.814
274.296
288.306
276.222
1468.732
1495.453
1406.741
1416.155
1515.218
1538.883
1539.485
1482.096
1669.13
1687.126
1577.766
1557.697
1741.591
1758.76
1796.746
1761.188
1705.672
2015.292
2022.907
1889.15
2126.942
2110.467
2148.434
2068.205
1468.732
1495.453
1406.741
1416.155
1515.218
1538.883
1539.485
1482.096
1669.13
1687.126
1577.766
1557.697
1741.591
1758.76
1796.746
1761.188
1705.672
2015.292
2022.907
1889.15
2126.942
2110.467
2148.434
2068.205
571.562
573.242
623.546
575.078
607.575
586.347
603.444
621.422
649.2
652.041
709.224
674.433
682.74
675.864
744.659
696
427.642
602.856
699.474
652.224
730.902
650.6
605.37
581.824
1384.423
1402.993
1462.745
1362.83
1449.193
1558.657
1519.367
1437.247
1554.656
1616.389
1619.946
1531.721
1637.857
1742.6
1728.472
1563.468
1309.058
1728.879
1724.505
1653.04
1834.033
1782.289
1865.567
1815.403
1955.985
1976.235
2086.291
1937.908
2056.768
2145.004
2122.811
2058.669
2203.856
2268.43
2329.17
2206.154
2320.597
2418.464
2473.131
2259.468
1736.7
2331.735
2423.979
2305.264
2564.935
2432.889
2470.937
2397.228
65.087
66.088
72.872
69.398
74.397
75.9
81.895
74.725
79.656
81.839
89.402
81.395
86.854
81.939
91.781
78.472
79.002
88.719
93.38
88.814
98.222
95.306
101.688
93.715
248.614
262.537
275.79
282.589
267.714
286.859
335.184
317.094
295.189
318.822
362.161
361.866
322.223
329.301
389.322
356.854
340.58
357.416
401.85
385.068
369.6
385.306
419.618
416.205
313.701
328.625
348.662
351.987
342.111
362.759
417.079
391.819
374.845
400.661
451.563
443.261
409.077
411.24
481.103
435.326
419.583
446.135
495.23
473.882
467.822
480.612
521.307
509.92
142.381
139.121
130.689
150.517
153.039
155.55
152.894
142.389
158.069
145.363
146.51
152.792
158.622
150.089
159.021
148.941
143.966
127.264
143.061
145.806
144.914
153.799
165.566
166.655
142.381
139.121
130.689
150.517
153.039
155.55
152.894
142.389
158.069
145.363
146.51
152.792
158.622
150.089
159.021
148.941
143.966
127.264
143.061
145.806
144.914
153.799
165.566
166.655
1231.999
1146.566
1280.539
1267.637
1267.142
1214.018
1379.011
1361.223
1396.91
1275.631
1434.883
1447.347
1442.753
1359.074
1521.569
1526.376
1530.021
1485.653
1569.155
1601.536
1563.681
1514.64
1648.954
1667.007
109.105
106.847
108.161
104.175
112.105
107.964
111.917
101.647
108.899
105.575
112.867
98.716
106.266
106.947
111.357
97.357
90.484
102.967
106.003
103.256
110.962
107.397
117.523
114.397
332.454
329.833
349.092
327.663
362.315
361.297
385.619
362.077
363.638
364.857
385.118
343.71
377.165
372.477
409.763
376.389
362.556
381.753
389.337
382.368
408.05
426.112
432.132
415.116
100.652
102.908
105.161
97.681
101.903
103.819
107.175
98.39
103.348
103.386
108.533
97.114
99.474
101.353
105.93
94.349
81.997
95.521
96.913
88.999
99.912
95.533
99.318
91.96
381.104
374.113
390.568
377.765
398.07
395.611
409.117
392.216
420.064
406.156
430.868
403.571
423.161
422.033
447.733
407.599
421.515
422.079
431.821
421.091
432.534
422.049
440.639
427.195
150.902
154.818
158.299
145.449
155.7
152.883
159.175
149.102
160.154
165.534
172.46
164.262
166.538
167.71
177.242
165.1
157.729
178.2
183.198
170.882
188.696
173.377
201.206
194.294
443.17
435.995
475.632
432.501
468.699
475.158
508.674
467.519
502.443
505.984
546.334
491.905
514.115
528.659
569.374
508.024
485.023
539.855
551.148
522.382
548.331
549.267
598.961
572.016
653.573
650.691
657.659
650.317
686.509
691.183
718.184
678.146
719.19
716.143
747.04
715.783
725.904
750.996
768.5
727.117
699.457
829.357
762.046
754.423
782.51
822.546
843.466
861.21
108.497
108.378
117.519
105.828
114.651
116.592
123.867
111.134
115.599
118.599
130.171
113.905
120.155
122.816
137.001
118.103
109.673
123.994
131.074
125.575
135.883
137.265
150.686
140.894
3511.456
3410.149
3642.63
3509.016
3667.094
3618.525
3902.739
3721.454
3890.245
3761.865
4068.274
3876.313
3975.531
3932.065
4248.469
4020.414
3938.455
4159.379
4220.696
4170.511
4270.559
4248.185
4532.886
4484.088
337.389
350.338
349.346
338.24
361.117
385.861
384.678
378.173
390.948
419.201
413.749
394.339
414.697
444.335
421.13
422.689
439.958
473.562
456.426
455.28
464.175
503.967
488.015
494.449
337.389
350.338
349.346
338.24
361.117
385.861
384.678
378.173
390.948
419.201
413.749
394.339
414.697
444.335
421.13
422.689
439.958
473.562
456.426
455.28
464.175
503.967
488.015
494.449
2264.698
2298.437
2401.097
2339.208
2479.539
2512.243
2680.307
2542.268
2723.649
2759.432
2910.545
2781.06
2913.895
2938.744
3211.099
2891.283
2878.555
3219.169
3322.937
3198.565
3461.838
3488.807
3831.603
3672.083
2264.698
2298.437
2401.097
2339.208
2479.539
2512.243
2680.307
2542.268
2723.649
2759.432
2910.545
2781.06
2913.895
2938.744
3211.099
2891.283
2878.555
3219.169
3322.937
3198.565
3461.838
3488.807
3831.603
3672.083
1704.261
1706.375
1719.845
1716.412
1779.658
1774.633
1848.144
1845.884
1862.974
1866.714
1944.065
1897.311
1945.52
1959.007
2069.68
1954.248
1887.656
2011.819
2068.061
2066.254
2135.622
2165.344
2270.065
2338.776
1704.261
1706.375
1719.845
1716.412
1779.658
1774.633
1848.144
1845.884
1862.974
1866.714
1944.065
1897.311
1945.52
1959.007
2069.68
1954.248
1887.656
2011.819
2068.061
2066.254
2135.622
2165.344
2270.065
2338.776
1882.515
2060.134
1960.426
1996.087
2012.014
2173.654
2049.539
2069.57
2120.963
2319.336
2168.148
2066.283
2202.074
2363.2
2309.573
2367.963
2340.034
2575.792
2499.751
998.124
1105.161
1102.098
1089.275
1079.577
1189.767
1193.793
1141.62
1144.429
1304.668
1232.08
1067.606
1145.779
1217.132
1220.95
1306.662
1242.254
1300.421
1312.919
2880.639
3165.295
3062.524
3085.362
3091.591
3363.421
3243.332
3211.19
3265.392
3624.004
3400.228
3133.889
3347.853
3580.332
3530.523
3674.625
3582.288
3876.213
3812.67
1401.56
1442.366
1376.286
1389.719
1441.497
1480.835
1521.09
1450.196
1535.737
1535.552
1603.316
1539.075
1705.748
1582.034
1622.159
1477.846
1478.672
1515.259
1504.436
1430.934
1511.304
1544.99
1574.494
1655.297
1401.56
1442.366
1376.286
1389.719
1441.497
1480.835
1521.09
1450.196
1535.737
1535.552
1603.316
1539.075
1705.748
1582.034
1622.159
1477.846
1478.672
1515.259
1504.436
1430.934
1511.304
1544.99
1574.494
1655.297
585.728
585.659
567.839
560.076
577.719
602.321
597.808
549.52
593.402
583.364
585.406
551.998
618.862
614.985
631.179
607.37
614.328
620.229
624.921
598.91
631.574
657.29
666.81
600.548
585.728
585.659
567.839
560.076
577.719
602.321
597.808
549.52
593.402
583.364
585.406
551.998
618.862
614.985
631.179
607.37
614.328
620.229
624.921
598.91
631.574
657.29
666.81
600.548
365.66
414.725
419.046
430
427.633
420.884
477.419
465.544
473.554
471.04
506.118
485.525
500.7
501.514
536.451
511.784
462.51
502.941
514.218
522.948
536.649
548.936
560.221
655.419
365.66
414.725
419.046
430
427.633
420.884
477.419
465.544
473.554
471.04
506.118
485.525
500.7
501.514
536.451
511.784
462.51
502.941
514.218
522.948
536.649
548.936
560.221
655.419
2727.571
2777.688
2841.521
2839.823
2959.113
2960.085
3130.792
3101.242
3241.45
3298.364
3430.35
3279.177
3440.097
3437.586
3699.784
3453.535
3443.466
3667.13
3772.025
3759.112
3967.413
4048.726
4258.867
4247.051
1019.302
916.284
989.697
997.972
1075.146
1028.167
1087.366
1054.875
1181.745
1082.856
1118.599
1071.749
1184.455
1107.799
1219.811
1098.207
1168.338
1089.883
1101.34
1073.291
1290.78
1209.973
1253.231
1274.311
3746.873
3693.972
3831.218
3837.795
4034.259
3988.252
4218.158
4156.117
4423.195
4381.22
4548.949
4350.926
4624.552
4545.385
4919.595
4551.742
4611.804
4757.013
4873.364
4832.403
5258.193
5258.699
5512.099
5521.362
287.789
277.51
288.452
271.776
293.222
297.711
303.636
291.346
316.418
319.914
341.139
310.763
331.755
350.96
361.879
334.186
328.049
354.766
364.295
356.864
374.03
376.662
379.252
365.252
287.789
277.51
288.452
271.776
293.222
297.711
303.636
291.346
316.418
319.914
341.139
310.763
331.755
350.96
361.879
334.186
328.049
354.766
364.295
356.864
374.03
376.662
379.252
365.252
1110.395
1092.93
1133.475
1125.701
1164.388
1203.509
1236.324
1225.851
1283.227
1319.114
1389.138
1328.08
1386.626
1412.246
1513.591
1409.986
1425.643
1554.786
1576.166
1589.705
1665.867
1700.265
1797.007
1725.451
1110.395
1092.93
1133.475
1125.701
1164.388
1203.509
1236.324
1225.851
1283.227
1319.114
1389.138
1328.08
1386.626
1412.246
1513.591
1409.986
1425.643
1554.786
1576.166
1589.705
1665.867
1700.265
1797.007
1725.451
212.253
229.148
236.607
226.131
225.956
238.498
265.367
233.579
262.946
256.954
261.24
252.591
235.091
258.554
265.295
242.156
224.629
225.973
259.497
230.691
249.209
266.739
246.949
221.661
543.971
555.555
576.009
572.088
602.769
589.218
621.571
600.876
616.361
630.25
660.894
625.673
640.613
662.181
718.3
659.362
630.329
702.893
720.563
711.075
744.623
750.217
792.713
779.173
756.224
784.703
812.616
798.219
828.725
827.716
886.938
834.455
879.307
887.204
922.134
878.264
875.704
920.735
983.595
901.518
854.958
928.866
980.06
941.766
993.832
1016.956
1039.662
1000.833
324.687
325.7
270.504
237.453
342.458
377.929
379.739
382.48
349.433
328.749
362.796
304.67
290.329
222.636
242.383
173.194
180.001
238.256
269.898
263.605
395.172
273.056
219.414
181.16
178.026
122.283
240.417
183.274
149.792
96.841
305.828
250.248
160.174
65.418
309.524
240.416
195.612
131.574
247.26
238.508
174.735
150.713
372.195
207.889
165.387
151.256
454.287
232.656
502.713
447.983
510.921
420.727
492.25
474.77
685.567
632.728
509.607
394.167
672.32
545.086
485.941
354.21
489.643
411.702
354.736
388.969
642.093
471.494
560.559
424.313
673.7
413.816
346.53
309.56
351.109
262.908
309.451
227.217
488.176
354.777
286.813
468.247
348.544
327.809
329.739
411.266
406.324
310.437
126.253
270.048
349.429
346.026
317.955
414.467
277.918
376.321
346.53
309.56
351.109
262.908
309.451
227.217
488.176
354.777
286.813
468.247
348.544
327.809
329.739
411.266
406.324
310.437
126.253
270.048
349.429
346.026
317.955
414.467
277.918
376.321
809.079
1201.325
1058.729
897.235
1238.348
1007.319
1672.017
997.046
578.368
830.19
1189.635
1162.309
873.859
858.164
1198.95
1704.444
1403.184
744.065
1133.043
741.184
871.023
795.81
1207.533
1379.955
96.186
105.156
127.302
89.098
77.261
70.743
108.04
50.526
50.987
46.798
84.303
47.713
102.085
54.796
59.102
39.374
35.058
69.361
54.097
48.361
63.108
3.451
53.202
48.609
165.721
159.798
240.487
151.48
166.522
143.156
270.081
190.323
193.196
276.655
234.014
103.375
155.326
164.987
145.481
190.923
161.297
229.759
255.265
212.812
296.083
147.628
345.16
289.425
24.071
33.131
74.952
23.376
35.189
40.01
51.587
8.274
29.409
38.846
38.394
8.413
41.52
53.794
75.608
28.332
9.411
61.632
63.003
25.651
35.93
24.62
66.695
21.4
561.702
633.934
855.832
839.825
789.066
508.796
1005.093
889.946
562.919
686.035
1284.115
524.46
739.956
635.72
786.141
608.864
416.889
651.673
796.245
683.103
685.414
233.277
987.744
808.945
147.638
146.068
147.238
131.567
121.113
155.356
156.603
131.737
112.917
113.494
141.78
104.386
129.723
133.544
108.75
94.555
64.264
161.106
174.829
149.768
170.172
67.477
177.671
156.587
287.479
277.835
257.313
161.816
272.332
231.826
143.99
236.644
248.503
276.388
228.869
192.16
309.048
295.799
196.709
194.137
127.733
414.039
327.774
187.371
269.657
23.004
234.009
119.906
376.256
431.286
353.3
257.64
311.349
546.159
434.04
227.8
425.744
528.93
485.108
310.741
396.523
352.188
501.331
434.32
407.7
425.838
749.691
636.278
580.749
382.811
649.159
294.029
45.008
71.599
90.09
42.459
31.454
47.306
61.407
58.666
63.616
49.447
73.087
65.351
72.425
76.731
96.094
54.252
21.14
121.361
101.504
83.8
114.099
18.16
120.177
82.956
2513.14
3060.132
3205.243
2594.496
3042.634
2750.671
3902.858
2790.962
2265.659
2846.783
3759.305
2518.908
2820.465
2625.723
3168.166
3349.202
2646.676
2878.832
3655.451
2768.328
3086.235
1696.237
3841.35
3201.812
1279.682
1399.923
1151.323
1154.338
1255.707
1494.049
1144.593
1189.101
1288.879
1515.923
1498.472
1304.673
1403.363
1560
1273.847
1162.03
1085.729
1510.195
1231.466
1293.323
1735.111
1588.819
1177.191
1390.207
1279.682
1399.923
1151.323
1154.338
1255.707
1494.049
1144.593
1189.101
1288.879
1515.923
1498.472
1304.673
1403.363
1560
1273.847
1162.03
1085.729
1510.195
1231.466
1293.323
1735.111
1588.819
1177.191
1390.207
1717.433
1411.246
2213.7
1490.409
1904.505
1658.112
1965.434
1589.187
2083.904
1931.651
1910.087
1464.328
2462.741
2125.036
2610.547
2100.763
926.363
2752.462
2639.75
2206.597
2953.896
1728.574
2614.005
1891.218
1717.433
1411.246
2213.7
1490.409
1904.505
1658.112
1965.434
1589.187
2083.904
1931.651
1910.087
1464.328
2462.741
2125.036
2610.547
2100.763
926.363
2752.462
2639.75
2206.597
2953.896
1728.574
2614.005
1891.218
2260.753
2191.993
2286.797
1975.009
2338.595
2116.378
2221.034
1722.627
2463.574
2385.577
2153.022
1950.661
2777.321
2239.336
2344.718
2392.788
2761.382
3447.386
3239.37
2270.778
3451.589
2332.783
3618.265
2777.167
2260.753
2191.993
2286.797
1975.009
2338.595
2116.378
2221.034
1722.627
2463.574
2385.577
2153.022
1950.661
2777.321
2239.336
2344.718
2392.788
2761.382
3447.386
3239.37
2270.778
3451.589
2332.783
3618.265
2777.167
972.217
1434.173
1083.449
1070.062
924.561
1775.255
1327.857
1233.724
1047.276
1729.577
1474.499
1306.07
1898.778
2245.506
1642.938
1779.804
743.838
2426.121
1527.393
283.316
523.151
639.176
272.451
245.893
535.704
608.931
285.892
257.869
425.997
416.298
-398.194
266.783
473.05
513.158
441.933
80.082
272.428
277.271
1255.533
1957.324
1722.625
1342.513
1170.454
2310.959
1936.788
1519.616
1305.145
2155.574
1890.797
907.876
2165.56
2718.556
2156.096
2221.737
823.92
2698.549
1804.665
1589.016
1475.26
2000.729
2219.764
1753.132
1669.788
1677.497
2286.335
1570.236
1218.727
1909.563
2150.718
1615.98
1825.708
1798.756
1823.855
459.975
955.418
1308.594
1371.446
1587.74
1530.743
1627.767
1914.02
1589.016
1475.26
2000.729
2219.764
1753.132
1669.788
1677.497
2286.335
1570.236
1218.727
1909.563
2150.718
1615.98
1825.708
1798.756
1823.855
459.975
955.418
1308.594
1371.446
1587.74
1530.743
1627.767
1914.02
941.008
895.16
1033.474
1081.046
897.434
890.469
987.38
1081.208
1078.408
1028.605
934.63
988.82
910.795
792.233
991.021
991.864
1049.472
912.793
1012.507
992.6
1119.263
878.88
1151.46
956.881
941.008
895.16
1033.474
1081.046
897.434
890.469
987.38
1081.208
1078.408
1028.605
934.63
988.82
910.795
792.233
991.021
991.864
1049.472
912.793
1012.507
992.6
1119.263
878.88
1151.46
956.881
2760.886
2184.214
3193.982
2440.966
2942.33
2256.724
3329.06
2646.03
3330.673
2865.103
2924.873
2588.023
2680.704
2768.714
2864.88
2994.721
2880.085
2897.062
3514.201
3231.243
3599.698
3473.699
3184.14
2864.874
2760.886
2184.214
3193.982
2440.966
2942.33
2256.724
3329.06
2646.03
3330.673
2865.103
2924.873
2588.023
2680.704
2768.714
2864.88
2994.721
2880.085
2897.062
3514.201
3231.243
3599.698
3473.699
3184.14
2864.874
2174.05
2261.174
2009.176
1664.203
2192.767
2372.734
2096.179
1749.274
2332.474
2323.048
2037.056
1835.118
2361.086
2862.752
2148.746
2178.742
2509.465
2687.548
2345.484
2109.717
2718.926
2927.74
2968.147
2500.064
1038.491
1045.198
849.054
873.991
1006.126
928.45
835.723
896.465
1098.119
1163.229
925.127
1001.875
1168.182
1196.23
974.651
836.333
69.041
408.265
380.999
347.666
583.593
454.167
334.742
345.045
3212.541
3306.372
2858.23
2538.194
3198.893
3301.184
2931.902
2645.739
3430.593
3486.277
2962.183
2836.993
3529.268
4058.982
3123.397
3015.075
2578.506
3095.813
2726.483
2457.383
3302.52
3381.907
3302.889
2845.11
57.931
79.812
154.205
157.852
22.619
84.734
132.016
197.546
53.969
121.524
110.173
197.228
40.435
127.554
176.099
261.19
29.712
91.978
106.66
284.338
48.691
120.119
160.81
240.182
57.931
79.812
154.205
157.852
22.619
84.734
132.016
197.546
53.969
121.524
110.173
197.228
40.435
127.554
176.099
261.19
29.712
91.978
106.66
284.338
48.691
120.119
160.81
240.182
635.452
680.444
745.832
659.774
604.442
635.205
647.559
663.874
557.947
724.294
789.347
765.068
694.065
917.918
843.845
811.012
807.422
1203.616
963.078
897.458
804.826
907.083
1115.284
924.837
635.452
680.444
745.832
659.774
604.442
635.205
647.559
663.874
557.947
724.294
789.347
765.068
694.065
917.918
843.845
811.012
807.422
1203.616
963.078
897.458
804.826
907.083
1115.284
924.837
275.522
366.138
395.93
421.747
290.45
364.147
371.857
408.249
253.921
412.914
316.831
401.902
299.975
456.722
388.091
425.999
138.846
396.882
292.64
442.83
413.31
400.152
232.991
393.036
95.718
172.368
173.643
171.683
162.302
124.689
163.13
121.6
224.317
187.602
160.91
209.037
241.925
157.562
106.326
141.986
-5.26
73.572
229.689
155.167
222.621
-17.957
164.193
100.909
371.24
538.506
569.573
593.43
452.752
488.836
534.987
529.849
478.238
600.516
477.741
610.939
541.9
614.284
494.417
567.985
133.586
470.454
522.33
597.997
635.931
382.195
397.184
493.945
